0
1
2
3
4
6
7
8
10
11
13
14
15
20
21
25
26
27
32
36
37
41
42
44
47
48
51
52
55
56
59
63
64
66
67
68
70
71
74
76
82
84
85
86
87
88
90
95
99
103
104
106
108
112
116
117
118
120
123
125
126
127
128
130
134
140
143
146
147
150
152
153
154
155
158
160
161
163
164
165
168
169
170
172
174
176
179
182
183
184
185
187
188
191
192
194
198
200
201
203
204
205
208
211
212
214
216
217
218
219
220
221
225
226
230
232
237
242
245
249
250
251
253
255
257
259
260
264
265
267
268
276
280
281
282
283
284
286
287
288
290
291
295
296
297
298
299
300
301
302
303
305
308
311
315
318
320
321
324
325
327
328
332
333
341
342
343
344
345
346
348
349
350
351
352
354
355
358
361
363
364
365
367
368
370
373
374
375
376
379
381
382
383
386
392
393
394
396
397
398
401
402
404
409
414
415
419
420
422
423
425
427
428
431
432
433
435
438
442
443
446
447
448
453
456
458
461
462
464
466
467
468
470
471
472
475
476
477
478
480
482
484
487
488
491
492
494
498
499
500
501
502
503
504
505
506
510
511
512
513
517
522
524
525
529
530
531
532
533
535
536
537
539
540
544
545
546
547
549
550
551
552
554
559
560
561
564
566
571
575
576
578
583
